0.000000 161.000000 150.000000 93.000000 145836.000000 145836.000000 145836.000000 145836.000000 5090.000000 5090.000000 5090.000000 5090.000000 1605.000000 1605.000000 1605.000000 1605.000000 193.000000 193.000000 193.000000 193.000000 4822.000000 4822.000000 4822.000000 4822.000000 5572.000000 5572.000000 5572.000000 5572.000000 652.000000 652.000000 652.000000 652.000000 62923.000000 62923.000000 62923.000000 62923.000000
0.000000 191.000000 164.000000 0.000000 525289.000000 525289.000000 525289.000000 1247915.000000 22968.000000 22968.000000 22968.000000 252865.000000 2787.000000 2787.000000 2787.000000 45833.000000 2257.000000 2257.000000 2257.000000 2887.000000 14134.000000 14134.000000 14134.000000 106755.000000 4066.000000 4066.000000 4066.000000 158257.000000 1509.000000 1509.000000 1509.000000 25485.000000 30332.000000 30332.000000 30332.000000 446354.000000
0.000000 157.000000 132.000000 0.000000 642046.000000 642046.000000 642046.000000 534627.000000 23751.000000 23751.000000 23751.000000 9037.000000 21630.000000 21630.000000 21630.000000 3276.000000 20055.000000 20055.000000 20055.000000 397.000000 19363.000000 19363.000000 19363.000000 14938.000000 32246.000000 32246.000000 32246.000000 3969.000000 21627.000000 21627.000000 21627.000000 909.000000 96635.000000 96635.000000 96635.000000 28982.000000
0.000000 191.000000 152.000000 0.000000 104641.000000 104641.000000 104641.000000 42371.000000 2847.000000 2847.000000 2847.000000 2518.000000 1845.000000 1845.000000 1845.000000 1838.000000 702.000000 702.000000 702.000000 527.000000 5810.000000 5810.000000 5810.000000 3375.000000 5765.000000 5765.000000 5765.000000 2602.000000 852.000000 852.000000 852.000000 665.000000 8284.000000 8284.000000 8284.000000 10470.000000
0.000000 202.000000 162.000000 0.000000 243880.000000 243880.000000 243880.000000 444030.000000 61997.000000 61997.000000 61997.000000 23190.000000 25999.000000 25999.000000 25999.000000 8380.000000 1956.000000 1956.000000 1956.000000 949.000000 48251.000000 48251.000000 48251.000000 18424.000000 57912.000000 57912.000000 57912.000000 2284.000000 4158.000000 4158.000000 4158.000000 3251.000000 70970.000000 70970.000000 70970.000000 134818.000000
0.000000 143.000000 161.000000 0.000000 576115.000000 576115.000000 576115.000000 640598.000000 124769.000000 124769.000000 124769.000000 16818.000000 46004.000000 46004.000000 46004.000000 6931.000000 21469.000000 21469.000000 21469.000000 1735.000000 66073.000000 66073.000000 66073.000000 21739.000000 66967.000000 66967.000000 66967.000000 8462.000000 13709.000000 13709.000000 13709.000000 2391.000000 324937.000000 324937.000000 324937.000000 105389.000000
0.000000 188.000000 184.000000 0.000000 35079.000000 35079.000000 35079.000000 1546896.000000 9380.000000 9380.000000 9380.000000 90175.000000 1311.000000 1311.000000 1311.000000 41427.000000 1055.000000 1055.000000 1055.000000 3020.000000 3374.000000 3374.000000 3374.000000 93826.000000 3970.000000 3970.000000 3970.000000 28742.000000 2563.000000 2563.000000 2563.000000 11983.000000 8883.000000 8883.000000 8883.000000 423078.000000
0.000000 100.000000 132.000000 175.000000 278858.000000 278858.000000 278858.000000 278858.000000 14753.000000 14753.000000 14753.000000 14753.000000 9959.000000 9959.000000 9959.000000 9959.000000 3096.000000 3096.000000 3096.000000 3096.000000 20884.000000 20884.000000 20884.000000 20884.000000 23434.000000 23434.000000 23434.000000 23434.000000 4354.000000 4354.000000 4354.000000 4354.000000 269619.000000 269619.000000 269619.000000 269619.000000
100.000000 132.000000 175.000000 101.000000 278858.000000 278858.000000 278858.000000 278858.000000 14753.000000 14753.000000 14753.000000 14753.000000 9959.000000 9959.000000 9959.000000 9959.000000 3096.000000 3096.000000 3096.000000 3096.000000 20884.000000 20884.000000 20884.000000 20884.000000 23434.000000 23434.000000 23434.000000 23434.000000 4354.000000 4354.000000 4354.000000 4354.000000 269619.000000 269619.000000 269619.000000 269619.000000
132.000000 175.000000 101.000000 0.000000 278858.000000 278858.000000 278858.000000 1740948.000000 14753.000000 14753.000000 14753.000000 31254.000000 9959.000000 9959.000000 9959.000000 77253.000000 3096.000000 3096.000000 3096.000000 7210.000000 20884.000000 20884.000000 20884.000000 68957.000000 23434.000000 23434.000000 23434.000000 187008.000000 4354.000000 4354.000000 4354.000000 54947.000000 269619.000000 269619.000000 269619.000000 647738.000000
0.000000 190.000000 153.000000 0.000000 712588.000000 712588.000000 712588.000000 1655731.000000 4619.000000 4619.000000 4619.000000 373534.000000 2306.000000 2306.000000 2306.000000 40833.000000 777.000000 777.000000 777.000000 23555.000000 10034.000000 10034.000000 10034.000000 48128.000000 10087.000000 10087.000000 10087.000000 159483.000000 985.000000 985.000000 985.000000 44583.000000 12706.000000 12706.000000 12706.000000 654231.000000
0.000000 171.000000 182.000000 0.000000 12320.000000 12320.000000 12320.000000 1561397.000000 3002.000000 3002.000000 3002.000000 45180.000000 2912.000000 2912.000000 2912.000000 16211.000000 292.000000 292.000000 292.000000 4481.000000 12419.000000 12419.000000 12419.000000 47448.000000 6119.000000 6119.000000 6119.000000 27573.000000 1472.000000 1472.000000 1472.000000 30693.000000 14823.000000 14823.000000 14823.000000 256326.000000
0.000000 192.000000 160.000000 0.000000 50102.000000 50102.000000 50102.000000 463640.000000 45041.000000 45041.000000 45041.000000 17704.000000 34389.000000 34389.000000 34389.000000 6808.000000 10670.000000 10670.000000 10670.000000 827.000000 15678.000000 15678.000000 15678.000000 15494.000000 44958.000000 44958.000000 44958.000000 13898.000000 17649.000000 17649.000000 17649.000000 3856.000000 125013.000000 125013.000000 125013.000000 33422.000000
0.000000 205.000000 210.000000 0.000000 16098.000000 16098.000000 16098.000000 20655.000000 20039.000000 20039.000000 20039.000000 7466.000000 7170.000000 7170.000000 7170.000000 1886.000000 2933.000000 2933.000000 2933.000000 693.000000 12755.000000 12755.000000 12755.000000 4002.000000 14408.000000 14408.000000 14408.000000 2753.000000 3350.000000 3350.000000 3350.000000 631.000000 18624.000000 18624.000000 18624.000000 5188.000000
0.000000 200.000000 207.000000 0.000000 61601.000000 61601.000000 61601.000000 691796.000000 7796.000000 7796.000000 7796.000000 635802.000000 10346.000000 10346.000000 10346.000000 102828.000000 1093.000000 1093.000000 1093.000000 10070.000000 48178.000000 48178.000000 48178.000000 250194.000000 12686.000000 12686.000000 12686.000000 100488.000000 1449.000000 1449.000000 1449.000000 47055.000000 37839.000000 37839.000000 37839.000000 1522880.000000
0.000000 192.000000 191.000000 0.000000 101263.000000 101263.000000 101263.000000 227854.000000 4846.000000 4846.000000 4846.000000 12768.000000 2629.000000 2629.000000 2629.000000 25676.000000 447.000000 447.000000 447.000000 2825.000000 970.000000 970.000000 970.000000 38678.000000 5202.000000 5202.000000 5202.000000 10193.000000 1098.000000 1098.000000 1098.000000 8192.000000 8463.000000 8463.000000 8463.000000 37058.000000
0.000000 202.000000 201.000000 0.000000 363498.000000 363498.000000 363498.000000 276140.000000 27984.000000 27984.000000 27984.000000 107217.000000 58509.000000 58509.000000 58509.000000 28622.000000 28275.000000 28275.000000 28275.000000 2879.000000 1457.000000 1457.000000 1457.000000 47462.000000 80248.000000 80248.000000 80248.000000 57777.000000 80859.000000 80859.000000 80859.000000 8184.000000 16234.000000 16234.000000 16234.000000 365820.000000
0.000000 187.000000 160.000000 0.000000 656570.000000 656570.000000 656570.000000 478701.000000 102160.000000 102160.000000 102160.000000 7349.000000 58097.000000 58097.000000 58097.000000 3309.000000 14136.000000 14136.000000 14136.000000 293.000000 104131.000000 104131.000000 104131.000000 10342.000000 81540.000000 81540.000000 81540.000000 2993.000000 21059.000000 21059.000000 21059.000000 560.000000 71493.000000 71493.000000 71493.000000 13639.000000
0.000000 159.000000 197.000000 0.000000 10134.000000 10134.000000 10134.000000 636906.000000 11724.000000 11724.000000 11724.000000 45212.000000 8305.000000 8305.000000 8305.000000 21170.000000 1046.000000 1046.000000 1046.000000 2590.000000 6394.000000 6394.000000 6394.000000 29291.000000 8772.000000 8772.000000 8772.000000 21717.000000 3813.000000 3813.000000 3813.000000 3732.000000 29414.000000 29414.000000 29414.000000 215153.000000
0.000000 154.000000 158.000000 0.000000 436327.000000 436327.000000 436327.000000 1417897.000000 31632.000000 31632.000000 31632.000000 72425.000000 9846.000000 9846.000000 9846.000000 65223.000000 2747.000000 2747.000000 2747.000000 7365.000000 6394.000000 6394.000000 6394.000000 45916.000000 17681.000000 17681.000000 17681.000000 18589.000000 8174.000000 8174.000000 8174.000000 14125.000000 59886.000000 59886.000000 59886.000000 446563.000000
0.000000 157.000000 147.000000 0.000000 82702.000000 82702.000000 82702.000000 707076.000000 20617.000000 20617.000000 20617.000000 65753.000000 9320.000000 9320.000000 9320.000000 32961.000000 2896.000000 2896.000000 2896.000000 6961.000000 3464.000000 3464.000000 3464.000000 65375.000000 26747.000000 26747.000000 26747.000000 75957.000000 8496.000000 8496.000000 8496.000000 17218.000000 8618.000000 8618.000000 8618.000000 341005.000000
0.000000 198.000000 148.000000 0.000000 707076.000000 707076.000000 707076.000000 412826.000000 65753.000000 65753.000000 65753.000000 2365.000000 32961.000000 32961.000000 32961.000000 1540.000000 6961.000000 6961.000000 6961.000000 443.000000 65375.000000 65375.000000 65375.000000 7111.000000 75957.000000 75957.000000 75957.000000 2306.000000 17218.000000 17218.000000 17218.000000 1069.000000 341005.000000 341005.000000 341005.000000 21074.000000
0.000000 135.000000 136.000000 0.000000 788195.000000 788195.000000 788195.000000 1941650.000000 4053.000000 4053.000000 4053.000000 97859.000000 955.000000 955.000000 955.000000 93096.000000 197.000000 197.000000 197.000000 17327.000000 5235.000000 5235.000000 5235.000000 100919.000000 2724.000000 2724.000000 2724.000000 75638.000000 450.000000 450.000000 450.000000 21099.000000 23436.000000 23436.000000 23436.000000 445959.000000
0.000000 192.000000 204.000000 0.000000 2092613.000000 2092613.000000 2092613.000000 457450.000000 5131.000000 5131.000000 5131.000000 5899.000000 11142.000000 11142.000000 11142.000000 1335.000000 2113.000000 2113.000000 2113.000000 178.000000 33150.000000 33150.000000 33150.000000 5504.000000 13970.000000 13970.000000 13970.000000 1997.000000 4921.000000 4921.000000 4921.000000 545.000000 73375.000000 73375.000000 73375.000000 22763.000000
0.000000 183.000000 138.000000 0.000000 19109.000000 19109.000000 19109.000000 862246.000000 1387.000000 1387.000000 1387.000000 49741.000000 8197.000000 8197.000000 8197.000000 25060.000000 1620.000000 1620.000000 1620.000000 2976.000000 17715.000000 17715.000000 17715.000000 266716.000000 11175.000000 11175.000000 11175.000000 16467.000000 3444.000000 3444.000000 3444.000000 36467.000000 24522.000000 24522.000000 24522.000000 543884.000000
0.000000 204.000000 216.000000 88.000000 512050.000000 512050.000000 512050.000000 512050.000000 92135.000000 92135.000000 92135.000000 92135.000000 13920.000000 13920.000000 13920.000000 13920.000000 1349.000000 1349.000000 1349.000000 1349.000000 20456.000000 20456.000000 20456.000000 20456.000000 27830.000000 27830.000000 27830.000000 27830.000000 12319.000000 12319.000000 12319.000000 12319.000000 203432.000000 203432.000000 203432.000000 203432.000000
0.000000 211.000000 156.000000 0.000000 2485669.000000 2485669.000000 2485669.000000 155645.000000 178718.000000 178718.000000 178718.000000 16652.000000 61638.000000 61638.000000 61638.000000 5470.000000 12982.000000 12982.000000 12982.000000 1246.000000 316464.000000 316464.000000 316464.000000 4436.000000 159386.000000 159386.000000 159386.000000 7057.000000 32232.000000 32232.000000 32232.000000 1820.000000 2009701.000000 2009701.000000 2009701.000000 156176.000000
0.000000 219.000000 145.000000 224.000000 155645.000000 155645.000000 155645.000000 155645.000000 16652.000000 16652.000000 16652.000000 16652.000000 5470.000000 5470.000000 5470.000000 5470.000000 1246.000000 1246.000000 1246.000000 1246.000000 4436.000000 4436.000000 4436.000000 4436.000000 7057.000000 7057.000000 7057.000000 7057.000000 1820.000000 1820.000000 1820.000000 1820.000000 156176.000000 156176.000000 156176.000000 156176.000000
219.000000 145.000000 224.000000 184.000000 155645.000000 155645.000000 155645.000000 155645.000000 16652.000000 16652.000000 16652.000000 16652.000000 5470.000000 5470.000000 5470.000000 5470.000000 1246.000000 1246.000000 1246.000000 1246.000000 4436.000000 4436.000000 4436.000000 4436.000000 7057.000000 7057.000000 7057.000000 7057.000000 1820.000000 1820.000000 1820.000000 1820.000000 156176.000000 156176.000000 156176.000000 156176.000000
145.000000 224.000000 184.000000 0.000000 155645.000000 155645.000000 155645.000000 959586.000000 16652.000000 16652.000000 16652.000000 74904.000000 5470.000000 5470.000000 5470.000000 14321.000000 1246.000000 1246.000000 1246.000000 2051.000000 4436.000000 4436.000000 4436.000000 1021.000000 7057.000000 7057.000000 7057.000000 16424.000000 1820.000000 1820.000000 1820.000000 8156.000000 156176.000000 156176.000000 156176.000000 466135.000000
0.000000 185.000000 208.000000 0.000000 91186.000000 91186.000000 91186.000000 1109502.000000 12551.000000 12551.000000 12551.000000 102477.000000 3168.000000 3168.000000 3168.000000 15957.000000 1053.000000 1053.000000 1053.000000 3634.000000 5101.000000 5101.000000 5101.000000 68570.000000 3638.000000 3638.000000 3638.000000 17453.000000 1795.000000 1795.000000 1795.000000 5177.000000 23304.000000 23304.000000 23304.000000 321944.000000
0.000000 213.000000 144.000000 58.000000 1510856.000000 1510856.000000 1510856.000000 1510856.000000 21477.000000 21477.000000 21477.000000 21477.000000 3571.000000 3571.000000 3571.000000 3571.000000 692.000000 692.000000 692.000000 692.000000 59173.000000 59173.000000 59173.000000 59173.000000 9377.000000 9377.000000 9377.000000 9377.000000 2410.000000 2410.000000 2410.000000 2410.000000 50760.000000 50760.000000 50760.000000 50760.000000
0.000000 199.000000 220.000000 0.000000 110344.000000 110344.000000 110344.000000 444715.000000 21396.000000 21396.000000 21396.000000 11504.000000 28400.000000 28400.000000 28400.000000 4373.000000 6791.000000 6791.000000 6791.000000 562.000000 12875.000000 12875.000000 12875.000000 4928.000000 42107.000000 42107.000000 42107.000000 3610.000000 15147.000000 15147.000000 15147.000000 350.000000 99541.000000 99541.000000 99541.000000 88146.000000
0.000000 144.000000 163.000000 80.000000 99668.000000 99668.000000 99668.000000 99668.000000 26875.000000 26875.000000 26875.000000 26875.000000 22415.000000 22415.000000 22415.000000 22415.000000 6657.000000 6657.000000 6657.000000 6657.000000 54595.000000 54595.000000 54595.000000 54595.000000 73455.000000 73455.000000 73455.000000 73455.000000 5362.000000 5362.000000 5362.000000 5362.000000 388548.000000 388548.000000 388548.000000 388548.000000
0.000000 216.000000 214.000000 0.000000 775808.000000 775808.000000 775808.000000 526434.000000 212562.000000 212562.000000 212562.000000 9404.000000 131413.000000 131413.000000 131413.000000 20973.000000 22204.000000 22204.000000 22204.000000 10562.000000 252609.000000 252609.000000 252609.000000 4975.000000 130827.000000 130827.000000 130827.000000 19433.000000 63453.000000 63453.000000 63453.000000 7658.000000 538553.000000 538553.000000 538553.000000 52225.000000
0.000000 219.000000 190.000000 0.000000 800883.000000 800883.000000 800883.000000 1402523.000000 3047.000000 3047.000000 3047.000000 187427.000000 14736.000000 14736.000000 14736.000000 34716.000000 647.000000 647.000000 647.000000 2124.000000 2771.000000 2771.000000 2771.000000 119903.000000 2815.000000 2815.000000 2815.000000 6263.000000 4482.000000 4482.000000 4482.000000 4450.000000 14119.000000 14119.000000 14119.000000 109427.000000
58.000000 222.000000 174.000000 0.000000 10638.000000 10638.000000 10638.000000 1329612.000000 17950.000000 17950.000000 17950.000000 36050.000000 14634.000000 14634.000000 14634.000000 44767.000000 2262.000000 2262.000000 2262.000000 2188.000000 14591.000000 14591.000000 14591.000000 52785.000000 30158.000000 30158.000000 30158.000000 47730.000000 3922.000000 3922.000000 3922.000000 10641.000000 40665.000000 40665.000000 40665.000000 109314.000000
0.000000 232.000000 154.000000 0.000000 295070.000000 295070.000000 295070.000000 813192.000000 66599.000000 66599.000000 66599.000000 41002.000000 17378.000000 17378.000000 17378.000000 13720.000000 4472.000000 4472.000000 4472.000000 1664.000000 30536.000000 30536.000000 30536.000000 132099.000000 32297.000000 32297.000000 32297.000000 6643.000000 5253.000000 5253.000000 5253.000000 4733.000000 41591.000000 41591.000000 41591.000000 134721.000000
68.000000 206.000000 136.000000 0.000000 63406.000000 63406.000000 63406.000000 834854.000000 5555.000000 5555.000000 5555.000000 87582.000000 2526.000000 2526.000000 2526.000000 25972.000000 398.000000 398.000000 398.000000 2646.000000 1642.000000 1642.000000 1642.000000 87022.000000 2819.000000 2819.000000 2819.000000 11890.000000 1049.000000 1049.000000 1049.000000 6147.000000 7851.000000 7851.000000 7851.000000 114248.000000
0.000000 224.000000 192.000000 0.000000 1141940.000000 1141940.000000 1141940.000000 843638.000000 219601.000000 219601.000000 219601.000000 11651.000000 151044.000000 151044.000000 151044.000000 9303.000000 85880.000000 85880.000000 85880.000000 8144.000000 195483.000000 195483.000000 195483.000000 17464.000000 156109.000000 156109.000000 156109.000000 6317.000000 123143.000000 123143.000000 123143.000000 7616.000000 973736.000000 973736.000000 973736.000000 43919.000000
0.000000 213.000000 150.000000 0.000000 32487.000000 32487.000000 32487.000000 57646.000000 4019.000000 4019.000000 4019.000000 1479.000000 1330.000000 1330.000000 1330.000000 1966.000000 288.000000 288.000000 288.000000 421.000000 7594.000000 7594.000000 7594.000000 8620.000000 5409.000000 5409.000000 5409.000000 4757.000000 235.000000 235.000000 235.000000 450.000000 5830.000000 5830.000000 5830.000000 57786.000000
0.000000 200.000000 183.000000 0.000000 74864.000000 74864.000000 74864.000000 1396842.000000 20725.000000 20725.000000 20725.000000 27273.000000 10092.000000 10092.000000 10092.000000 63830.000000 7126.000000 7126.000000 7126.000000 8829.000000 8786.000000 8786.000000 8786.000000 144445.000000 2722.000000 2722.000000 2722.000000 4948.000000 8786.000000 8786.000000 8786.000000 15753.000000 57905.000000 57905.000000 57905.000000 439080.000000
0.000000 232.000000 114.000000 50.000000 8049.000000 8049.000000 8049.000000 8049.000000 25779.000000 25779.000000 25779.000000 25779.000000 5872.000000 5872.000000 5872.000000 5872.000000 1227.000000 1227.000000 1227.000000 1227.000000 16590.000000 16590.000000 16590.000000 16590.000000 6745.000000 6745.000000 6745.000000 6745.000000 1689.000000 1689.000000 1689.000000 1689.000000 19341.000000 19341.000000 19341.000000 19341.000000
0.000000 207.000000 206.000000 0.000000 286527.000000 286527.000000 286527.000000 1491799.000000 31920.000000 31920.000000 31920.000000 44510.000000 28026.000000 28026.000000 28026.000000 58417.000000 9619.000000 9619.000000 9619.000000 9624.000000 4788.000000 4788.000000 4788.000000 175308.000000 31508.000000 31508.000000 31508.000000 45536.000000 13356.000000 13356.000000 13356.000000 23522.000000 31814.000000 31814.000000 31814.000000 1039289.000000
0.000000 243.000000 255.000000 0.000000 135559.000000 135559.000000 135559.000000 248053.000000 27800.000000 27800.000000 27800.000000 4207.000000 20845.000000 20845.000000 20845.000000 2244.000000 5499.000000 5499.000000 5499.000000 198.000000 27912.000000 27912.000000 27912.000000 3162.000000 24800.000000 24800.000000 24800.000000 3257.000000 9726.000000 9726.000000 9726.000000 555.000000 72739.000000 72739.000000 72739.000000 9056.000000
0.000000 206.000000 252.000000 0.000000 27948.000000 27948.000000 27948.000000 835368.000000 20043.000000 20043.000000 20043.000000 129958.000000 7064.000000 7064.000000 7064.000000 60732.000000 1767.000000 1767.000000 1767.000000 5133.000000 43527.000000 43527.000000 43527.000000 76270.000000 5780.000000 5780.000000 5780.000000 104784.000000 3713.000000 3713.000000 3713.000000 9717.000000 70260.000000 70260.000000 70260.000000 351992.000000
0.000000 240.000000 255.000000 0.000000 50820.000000 50820.000000 50820.000000 191145.000000 7500.000000 7500.000000 7500.000000 57071.000000 6840.000000 6840.000000 6840.000000 111479.000000 3806.000000 3806.000000 3806.000000 3846.000000 21064.000000 21064.000000 21064.000000 13192.000000 5250.000000 5250.000000 5250.000000 78972.000000 9763.000000 9763.000000 9763.000000 7570.000000 37414.000000 37414.000000 37414.000000 229518.000000
0.000000 233.000000 255.000000 0.000000 993767.000000 993767.000000 993767.000000 672507.000000 30106.000000 30106.000000 30106.000000 170440.000000 8405.000000 8405.000000 8405.000000 30152.000000 3141.000000 3141.000000 3141.000000 9333.000000 24598.000000 24598.000000 24598.000000 173771.000000 19852.000000 19852.000000 19852.000000 6761.000000 4272.000000 4272.000000 4272.000000 23460.000000 111728.000000 111728.000000 111728.000000 717060.000000
0.000000 204.000000 159.000000 0.000000 324111.000000 324111.000000 324111.000000 1494291.000000 9917.000000 9917.000000 9917.000000 20503.000000 1347.000000 1347.000000 1347.000000 31519.000000 1933.000000 1933.000000 1933.000000 2867.000000 40579.000000 40579.000000 40579.000000 45074.000000 2448.000000 2448.000000 2448.000000 43302.000000 1681.000000 1681.000000 1681.000000 3795.000000 36843.000000 36843.000000 36843.000000 90038.000000
66.000000 229.000000 168.000000 0.000000 993484.000000 993484.000000 993484.000000 1343286.000000 7783.000000 7783.000000 7783.000000 75722.000000 5598.000000 5598.000000 5598.000000 36696.000000 1167.000000 1167.000000 1167.000000 4484.000000 29859.000000 29859.000000 29859.000000 146841.000000 5924.000000 5924.000000 5924.000000 24584.000000 4911.000000 4911.000000 4911.000000 10570.000000 27836.000000 27836.000000 27836.000000 410707.000000
0.000000 200.000000 174.000000 0.000000 61567.000000 61567.000000 61567.000000 549869.000000 1144.000000 1144.000000 1144.000000 51171.000000 3913.000000 3913.000000 3913.000000 19753.000000 434.000000 434.000000 434.000000 2093.000000 6929.000000 6929.000000 6929.000000 15552.000000 5006.000000 5006.000000 5006.000000 30846.000000 5547.000000 5547.000000 5547.000000 10658.000000 19947.000000 19947.000000 19947.000000 961337.000000
0.000000 228.000000 242.000000 0.000000 1183254.000000 1183254.000000 1183254.000000 2397789.000000 81723.000000 81723.000000 81723.000000 23323.000000 27038.000000 27038.000000 27038.000000 254030.000000 869.000000 869.000000 869.000000 10887.000000 43753.000000 43753.000000 43753.000000 132140.000000 83750.000000 83750.000000 83750.000000 78895.000000 6839.000000 6839.000000 6839.000000 55332.000000 146380.000000 146380.000000 146380.000000 311183.000000
0.000000 233.000000 223.000000 0.000000 673525.000000 673525.000000 673525.000000 1189955.000000 78896.000000 78896.000000 78896.000000 7620.000000 66081.000000 66081.000000 66081.000000 38166.000000 3215.000000 3215.000000 3215.000000 9386.000000 8026.000000 8026.000000 8026.000000 19677.000000 73987.000000 73987.000000 73987.000000 70640.000000 27038.000000 27038.000000 27038.000000 11714.000000 396374.000000 396374.000000 396374.000000 79418.000000
0.000000 172.000000 208.000000 153.000000 1039310.000000 1039310.000000 1039310.000000 1039310.000000 212270.000000 212270.000000 212270.000000 212270.000000 56347.000000 56347.000000 56347.000000 56347.000000 9839.000000 9839.000000 9839.000000 9839.000000 215142.000000 215142.000000 215142.000000 215142.000000 72568.000000 72568.000000 72568.000000 72568.000000 55115.000000 55115.000000 55115.000000 55115.000000 740324.000000 740324.000000 740324.000000 740324.000000
172.000000 208.000000 153.000000 0.000000 1039310.000000 1039310.000000 1039310.000000 256312.000000 212270.000000 212270.000000 212270.000000 3987.000000 56347.000000 56347.000000 56347.000000 1243.000000 9839.000000 9839.000000 9839.000000 81.000000 215142.000000 215142.000000 215142.000000 1085.000000 72568.000000 72568.000000 72568.000000 1767.000000 55115.000000 55115.000000 55115.000000 300.000000 740324.000000 740324.000000 740324.000000 10468.000000
73.000000 219.000000 147.000000 0.000000 224091.000000 224091.000000 224091.000000 379067.000000 20087.000000 20087.000000 20087.000000 18879.000000 8502.000000 8502.000000 8502.000000 28619.000000 2004.000000 2004.000000 2004.000000 3027.000000 29655.000000 29655.000000 29655.000000 108712.000000 27419.000000 27419.000000 27419.000000 15265.000000 2477.000000 2477.000000 2477.000000 12962.000000 116642.000000 116642.000000 116642.000000 62543.000000
0.000000 202.000000 120.000000 0.000000 592082.000000 592082.000000 592082.000000 656719.000000 9035.000000 9035.000000 9035.000000 11458.000000 12449.000000 12449.000000 12449.000000 3990.000000 1822.000000 1822.000000 1822.000000 623.000000 34806.000000 34806.000000 34806.000000 11245.000000 15551.000000 15551.000000 15551.000000 2673.000000 7252.000000 7252.000000 7252.000000 1577.000000 240682.000000 240682.000000 240682.000000 43979.000000
0.000000 182.000000 177.000000 104.000000 656719.000000 656719.000000 656719.000000 656719.000000 11458.000000 11458.000000 11458.000000 11458.000000 3990.000000 3990.000000 3990.000000 3990.000000 623.000000 623.000000 623.000000 623.000000 11245.000000 11245.000000 11245.000000 11245.000000 2673.000000 2673.000000 2673.000000 2673.000000 1577.000000 1577.000000 1577.000000 1577.000000 43979.000000 43979.000000 43979.000000 43979.000000
0.000000 218.000000 175.000000 75.000000 126623.000000 126623.000000 126623.000000 126623.000000 50309.000000 50309.000000 50309.000000 50309.000000 32896.000000 32896.000000 32896.000000 32896.000000 5586.000000 5586.000000 5586.000000 5586.000000 48161.000000 48161.000000 48161.000000 48161.000000 48797.000000 48797.000000 48797.000000 48797.000000 7118.000000 7118.000000 7118.000000 7118.000000 53836.000000 53836.000000 53836.000000 53836.000000
0.000000 228.000000 184.000000 0.000000 846425.000000 846425.000000 846425.000000 494282.000000 13744.000000 13744.000000 13744.000000 8560.000000 5344.000000 5344.000000 5344.000000 3010.000000 871.000000 871.000000 871.000000 527.000000 9403.000000 9403.000000 9403.000000 9200.000000 2928.000000 2928.000000 2928.000000 3198.000000 2886.000000 2886.000000 2886.000000 1020.000000 40295.000000 40295.000000 40295.000000 32801.000000
0.000000 189.000000 180.000000 93.000000 699695.000000 699695.000000 699695.000000 699695.000000 18774.000000 18774.000000 18774.000000 18774.000000 5933.000000 5933.000000 5933.000000 5933.000000 2729.000000 2729.000000 2729.000000 2729.000000 3498.000000 3498.000000 3498.000000 3498.000000 8954.000000 8954.000000 8954.000000 8954.000000 9563.000000 9563.000000 9563.000000 9563.000000 42580.000000 42580.000000 42580.000000 42580.000000
0.000000 195.000000 155.000000 68.000000 31388.000000 31388.000000 31388.000000 31388.000000 16397.000000 16397.000000 16397.000000 16397.000000 14764.000000 14764.000000 14764.000000 14764.000000 3348.000000 3348.000000 3348.000000 3348.000000 17823.000000 17823.000000 17823.000000 17823.000000 7017.000000 7017.000000 7017.000000 7017.000000 4953.000000 4953.000000 4953.000000 4953.000000 24106.000000 24106.000000 24106.000000 24106.000000
0.000000 157.000000 217.000000 0.000000 80692.000000 80692.000000 80692.000000 1030612.000000 54516.000000 54516.000000 54516.000000 21744.000000 17491.000000 17491.000000 17491.000000 6810.000000 2436.000000 2436.000000 2436.000000 1256.000000 52955.000000 52955.000000 52955.000000 30834.000000 10879.000000 10879.000000 10879.000000 5844.000000 3225.000000 3225.000000 3225.000000 2803.000000 104335.000000 104335.000000 104335.000000 87971.000000
0.000000 208.000000 103.000000 0.000000 2530547.000000 2530547.000000 2530547.000000 226753.000000 688158.000000 688158.000000 688158.000000 15676.000000 183847.000000 183847.000000 183847.000000 8989.000000 60259.000000 60259.000000 60259.000000 944.000000 675333.000000 675333.000000 675333.000000 26968.000000 492909.000000 492909.000000 492909.000000 11582.000000 92287.000000 92287.000000 92287.000000 1873.000000 978101.000000 978101.000000 978101.000000 29964.000000
0.000000 176.000000 109.000000 0.000000 1424016.000000 1424016.000000 1424016.000000 100172.000000 11095.000000 11095.000000 11095.000000 53085.000000 10100.000000 10100.000000 10100.000000 32849.000000 1933.000000 1933.000000 1933.000000 4389.000000 5138.000000 5138.000000 5138.000000 74616.000000 6742.000000 6742.000000 6742.000000 33408.000000 2542.000000 2542.000000 2542.000000 9660.000000 40477.000000 40477.000000 40477.000000 383847.000000
0.000000 217.000000 173.000000 0.000000 1660142.000000 1660142.000000 1660142.000000 554632.000000 24742.000000 24742.000000 24742.000000 7549.000000 12714.000000 12714.000000 12714.000000 1974.000000 4308.000000 4308.000000 4308.000000 395.000000 65493.000000 65493.000000 65493.000000 4344.000000 8784.000000 8784.000000 8784.000000 3521.000000 3677.000000 3677.000000 3677.000000 939.000000 53990.000000 53990.000000 53990.000000 46736.000000
0.000000 117.000000 71.000000 0.000000 189288.000000 189288.000000 189288.000000 25337.000000 47625.000000 47625.000000 47625.000000 18787.000000 13151.000000 13151.000000 13151.000000 7407.000000 2918.000000 2918.000000 2918.000000 3078.000000 75679.000000 75679.000000 75679.000000 7600.000000 62917.000000 62917.000000 62917.000000 7118.000000 3490.000000 3490.000000 3490.000000 3126.000000 109366.000000 109366.000000 109366.000000 39141.000000
0.000000 76.000000 83.000000 0.000000 93354.000000 93354.000000 93354.000000 1588564.000000 19339.000000 19339.000000 19339.000000 27029.000000 7905.000000 7905.000000 7905.000000 30673.000000 3231.000000 3231.000000 3231.000000 2433.000000 29377.000000 29377.000000 29377.000000 22146.000000 25704.000000 25704.000000 25704.000000 11677.000000 4097.000000 4097.000000 4097.000000 4141.000000 71908.000000 71908.000000 71908.000000 268695.000000
0.000000 78.000000 56.000000 0.000000 22430.000000 22430.000000 22430.000000 1405194.000000 2136.000000 2136.000000 2136.000000 46349.000000 10587.000000 10587.000000 10587.000000 12031.000000 3266.000000 3266.000000 3266.000000 3270.000000 50598.000000 50598.000000 50598.000000 311549.000000 2436.000000 2436.000000 2436.000000 148564.000000 18071.000000 18071.000000 18071.000000 32054.000000 110664.000000 110664.000000 110664.000000 650206.000000
0.000000 121.000000 65.000000 0.000000 1405194.000000 1405194.000000 1405194.000000 3028381.000000 46349.000000 46349.000000 46349.000000 45376.000000 12031.000000 12031.000000 12031.000000 13832.000000 3270.000000 3270.000000 3270.000000 1107.000000 311549.000000 311549.000000 311549.000000 19990.000000 148564.000000 148564.000000 148564.000000 35253.000000 32054.000000 32054.000000 32054.000000 2563.000000 650206.000000 650206.000000 650206.000000 121215.000000
0.000000 192.000000 47.000000 62.000000 390993.000000 390993.000000 390993.000000 390993.000000 8794.000000 8794.000000 8794.000000 8794.000000 11820.000000 11820.000000 11820.000000 11820.000000 904.000000 904.000000 904.000000 904.000000 9714.000000 9714.000000 9714.000000 9714.000000 6135.000000 6135.000000 6135.000000 6135.000000 4927.000000 4927.000000 4927.000000 4927.000000 24240.000000 24240.000000 24240.000000 24240.000000
0.000000 87.000000 62.000000 0.000000 646039.000000 646039.000000 646039.000000 1418679.000000 11304.000000 11304.000000 11304.000000 29935.000000 10239.000000 10239.000000 10239.000000 7956.000000 2737.000000 2737.000000 2737.000000 3257.000000 19899.000000 19899.000000 19899.000000 52652.000000 26528.000000 26528.000000 26528.000000 19143.000000 3023.000000 3023.000000 3023.000000 4672.000000 263517.000000 263517.000000 263517.000000 419148.000000
0.000000 107.000000 59.000000 77.000000 343131.000000 343131.000000 343131.000000 343131.000000 11657.000000 11657.000000 11657.000000 11657.000000 4016.000000 4016.000000 4016.000000 4016.000000 566.000000 566.000000 566.000000 566.000000 7985.000000 7985.000000 7985.000000 7985.000000 12084.000000 12084.000000 12084.000000 12084.000000 1989.000000 1989.000000 1989.000000 1989.000000 74763.000000 74763.000000 74763.000000 74763.000000
55.000000 71.000000 66.000000 0.000000 578557.000000 578557.000000 578557.000000 911276.000000 43845.000000 43845.000000 43845.000000 58975.000000 46039.000000 46039.000000 46039.000000 6727.000000 52788.000000 52788.000000 52788.000000 4654.000000 61992.000000 61992.000000 61992.000000 50967.000000 13408.000000 13408.000000 13408.000000 43466.000000 54634.000000 54634.000000 54634.000000 6984.000000 161180.000000 161180.000000 161180.000000 907258.000000
0.000000 55.000000 71.000000 0.000000 3971.000000 3971.000000 3971.000000 1395193.000000 26694.000000 26694.000000 26694.000000 36042.000000 10793.000000 10793.000000 10793.000000 40239.000000 1631.000000 1631.000000 1631.000000 6379.000000 21309.000000 21309.000000 21309.000000 46691.000000 11679.000000 11679.000000 11679.000000 197762.000000 4456.000000 4456.000000 4456.000000 12076.000000 17237.000000 17237.000000 17237.000000 229557.000000
0.000000 111.000000 50.000000 66.000000 53261.000000 53261.000000 53261.000000 53261.000000 5978.000000 5978.000000 5978.000000 5978.000000 2092.000000 2092.000000 2092.000000 2092.000000 356.000000 356.000000 356.000000 356.000000 4476.000000 4476.000000 4476.000000 4476.000000 1068.000000 1068.000000 1068.000000 1068.000000 1921.000000 1921.000000 1921.000000 1921.000000 24955.000000 24955.000000 24955.000000 24955.000000
0.000000 105.000000 71.000000 0.000000 1967609.000000 1967609.000000 1967609.000000 1062606.000000 6824.000000 6824.000000 6824.000000 91548.000000 5670.000000 5670.000000 5670.000000 27148.000000 1552.000000 1552.000000 1552.000000 2551.000000 18511.000000 18511.000000 18511.000000 118973.000000 10735.000000 10735.000000 10735.000000 11479.000000 1585.000000 1585.000000 1585.000000 46319.000000 70832.000000 70832.000000 70832.000000 213956.000000
0.000000 81.000000 58.000000 0.000000 264501.000000 264501.000000 264501.000000 35905.000000 14861.000000 14861.000000 14861.000000 8286.000000 16281.000000 16281.000000 16281.000000 7626.000000 11096.000000 11096.000000 11096.000000 613.000000 35245.000000 35245.000000 35245.000000 9539.000000 6496.000000 6496.000000 6496.000000 12118.000000 32973.000000 32973.000000 32973.000000 1352.000000 222991.000000 222991.000000 222991.000000 18274.000000
0.000000 124.000000 71.000000 0.000000 35905.000000 35905.000000 35905.000000 716299.000000 8286.000000 8286.000000 8286.000000 24164.000000 7626.000000 7626.000000 7626.000000 4871.000000 613.000000 613.000000 613.000000 1687.000000 9539.000000 9539.000000 9539.000000 18663.000000 12118.000000 12118.000000 12118.000000 15957.000000 1352.000000 1352.000000 1352.000000 2917.000000 18274.000000 18274.000000 18274.000000 62351.000000
36.000000 81.000000 57.000000 73.000000 329083.000000 329083.000000 329083.000000 329083.000000 4395.000000 4395.000000 4395.000000 4395.000000 4595.000000 4595.000000 4595.000000 4595.000000 772.000000 772.000000 772.000000 772.000000 16870.000000 16870.000000 16870.000000 16870.000000 1524.000000 1524.000000 1524.000000 1524.000000 3420.000000 3420.000000 3420.000000 3420.000000 41020.000000 41020.000000 41020.000000 41020.000000
0.000000 125.000000 63.000000 0.000000 484137.000000 484137.000000 484137.000000 377618.000000 35616.000000 35616.000000 35616.000000 8197.000000 8350.000000 8350.000000 8350.000000 9608.000000 1811.000000 1811.000000 1811.000000 1456.000000 25268.000000 25268.000000 25268.000000 9889.000000 9508.000000 9508.000000 9508.000000 7702.000000 4956.000000 4956.000000 4956.000000 8798.000000 66966.000000 66966.000000 66966.000000 73284.000000
0.000000 91.000000 100.000000 0.000000 750698.000000 750698.000000 750698.000000 1680364.000000 4918.000000 4918.000000 4918.000000 77060.000000 819.000000 819.000000 819.000000 14674.000000 592.000000 592.000000 592.000000 9932.000000 14565.000000 14565.000000 14565.000000 31987.000000 3271.000000 3271.000000 3271.000000 16733.000000 749.000000 749.000000 749.000000 15381.000000 67247.000000 67247.000000 67247.000000 158939.000000
0.000000 77.000000 84.000000 0.000000 153438.000000 153438.000000 153438.000000 729130.000000 49745.000000 49745.000000 49745.000000 15645.000000 30304.000000 30304.000000 30304.000000 7471.000000 17482.000000 17482.000000 17482.000000 3699.000000 136259.000000 136259.000000 136259.000000 10087.000000 20632.000000 20632.000000 20632.000000 10694.000000 59879.000000 59879.000000 59879.000000 3755.000000 284965.000000 284965.000000 284965.000000 77300.000000
37.000000 56.000000 69.000000 0.000000 25034.000000 25034.000000 25034.000000 1699256.000000 7646.000000 7646.000000 7646.000000 19031.000000 10525.000000 10525.000000 10525.000000 32542.000000 1494.000000 1494.000000 1494.000000 4016.000000 44790.000000 44790.000000 44790.000000 19005.000000 52303.000000 52303.000000 52303.000000 9603.000000 8267.000000 8267.000000 8267.000000 19715.000000 79577.000000 79577.000000 79577.000000 65583.000000
0.000000 109.000000 65.000000 0.000000 4216.000000 4216.000000 4216.000000 1036346.000000 15642.000000 15642.000000 15642.000000 13726.000000 14703.000000 14703.000000 14703.000000 11175.000000 3626.000000 3626.000000 3626.000000 563.000000 6335.000000 6335.000000 6335.000000 47752.000000 20159.000000 20159.000000 20159.000000 27590.000000 2084.000000 2084.000000 2084.000000 5898.000000 30946.000000 30946.000000 30946.000000 166003.000000
0.000000 89.000000 54.000000 0.000000 1036346.000000 1036346.000000 1036346.000000 164797.000000 13726.000000 13726.000000 13726.000000 7122.000000 11175.000000 11175.000000 11175.000000 8192.000000 563.000000 563.000000 563.000000 682.000000 47752.000000 47752.000000 47752.000000 20878.000000 27590.000000 27590.000000 27590.000000 5732.000000 5898.000000 5898.000000 5898.000000 1862.000000 166003.000000 166003.000000 166003.000000 24506.000000
0.000000 96.000000 115.000000 0.000000 157003.000000 157003.000000 157003.000000 726158.000000 1850.000000 1850.000000 1850.000000 43947.000000 986.000000 986.000000 986.000000 7347.000000 300.000000 300.000000 300.000000 2478.000000 2103.000000 2103.000000 2103.000000 32096.000000 1377.000000 1377.000000 1377.000000 8403.000000 299.000000 299.000000 299.000000 5536.000000 33102.000000 33102.000000 33102.000000 122378.000000
0.000000 100.000000 77.000000 0.000000 9816.000000 9816.000000 9816.000000 69950.000000 12878.000000 12878.000000 12878.000000 8635.000000 10281.000000 10281.000000 10281.000000 1353.000000 1072.000000 1072.000000 1072.000000 463.000000 21378.000000 21378.000000 21378.000000 3081.000000 11772.000000 11772.000000 11772.000000 3514.000000 3280.000000 3280.000000 3280.000000 519.000000 6025.000000 6025.000000 6025.000000 6386.000000
0.000000 101.000000 83.000000 0.000000 69950.000000 69950.000000 69950.000000 569574.000000 8635.000000 8635.000000 8635.000000 1307.000000 1353.000000 1353.000000 1353.000000 1143.000000 463.000000 463.000000 463.000000 357.000000 3081.000000 3081.000000 3081.000000 2008.000000 3514.000000 3514.000000 3514.000000 3262.000000 519.000000 519.000000 519.000000 287.000000 6386.000000 6386.000000 6386.000000 15916.000000
0.000000 109.000000 82.000000 0.000000 42274.000000 42274.000000 42274.000000 1175768.000000 17618.000000 17618.000000 17618.000000 26297.000000 4921.000000 4921.000000 4921.000000 47684.000000 1254.000000 1254.000000 1254.000000 5525.000000 6478.000000 6478.000000 6478.000000 20411.000000 9257.000000 9257.000000 9257.000000 22460.000000 2370.000000 2370.000000 2370.000000 11917.000000 17029.000000 17029.000000 17029.000000 445556.000000
0.000000 74.000000 100.000000 0.000000 296325.000000 296325.000000 296325.000000 656136.000000 9857.000000 9857.000000 9857.000000 11835.000000 13260.000000 13260.000000 13260.000000 7316.000000 6399.000000 6399.000000 6399.000000 4021.000000 30782.000000 30782.000000 30782.000000 25652.000000 8522.000000 8522.000000 8522.000000 50413.000000 13310.000000 13310.000000 13310.000000 6584.000000 110830.000000 110830.000000 110830.000000 131889.000000
0.000000 92.000000 72.000000 0.000000 52959.000000 52959.000000 52959.000000 2068258.000000 3869.000000 3869.000000 3869.000000 44906.000000 2679.000000 2679.000000 2679.000000 32861.000000 1450.000000 1450.000000 1450.000000 2114.000000 6430.000000 6430.000000 6430.000000 90400.000000 4567.000000 4567.000000 4567.000000 43735.000000 1500.000000 1500.000000 1500.000000 10334.000000 8345.000000 8345.000000 8345.000000 417932.000000
0.000000 92.000000 96.000000 0.000000 39386.000000 39386.000000 39386.000000 1688502.000000 2623.000000 2623.000000 2623.000000 7868.000000 6089.000000 6089.000000 6089.000000 17090.000000 2309.000000 2309.000000 2309.000000 3189.000000 8322.000000 8322.000000 8322.000000 31809.000000 3153.000000 3153.000000 3153.000000 24092.000000 6833.000000 6833.000000 6833.000000 13208.000000 21473.000000 21473.000000 21473.000000 27505.000000
0.000000 116.000000 55.000000 0.000000 118050.000000 118050.000000 118050.000000 302426.000000 14169.000000 14169.000000 14169.000000 1740.000000 28832.000000 28832.000000 28832.000000 1778.000000 6707.000000 6707.000000 6707.000000 1730.000000 52458.000000 52458.000000 52458.000000 4980.000000 40318.000000 40318.000000 40318.000000 2006.000000 22384.000000 22384.000000 22384.000000 2322.000000 89411.000000 89411.000000 89411.000000 38770.000000
0.000000 98.000000 61.000000 0.000000 128717.000000 128717.000000 128717.000000 1949670.000000 23541.000000 23541.000000 23541.000000 328358.000000 5769.000000 5769.000000 5769.000000 63861.000000 1389.000000 1389.000000 1389.000000 24762.000000 78376.000000 78376.000000 78376.000000 388497.000000 6403.000000 6403.000000 6403.000000 120729.000000 7143.000000 7143.000000 7143.000000 51039.000000 110576.000000 110576.000000 110576.000000 1831375.000000
0.000000 99.000000 93.000000 0.000000 93417.000000 93417.000000 93417.000000 354568.000000 2555.000000 2555.000000 2555.000000 43128.000000 1376.000000 1376.000000 1376.000000 17280.000000 805.000000 805.000000 805.000000 4686.000000 5387.000000 5387.000000 5387.000000 176386.000000 5438.000000 5438.000000 5438.000000 20867.000000 1445.000000 1445.000000 1445.000000 9159.000000 32406.000000 32406.000000 32406.000000 238810.000000
0.000000 112.000000 70.000000 0.000000 8511.000000 8511.000000 8511.000000 321830.000000 15001.000000 15001.000000 15001.000000 62572.000000 4345.000000 4345.000000 4345.000000 23500.000000 843.000000 843.000000 843.000000 8840.000000 7033.000000 7033.000000 7033.000000 298810.000000 10304.000000 10304.000000 10304.000000 19738.000000 2758.000000 2758.000000 2758.000000 12748.000000 21230.000000 21230.000000 21230.000000 463245.000000
0.000000 146.000000 78.000000 0.000000 93595.000000 93595.000000 93595.000000 251620.000000 1177.000000 1177.000000 1177.000000 6692.000000 742.000000 742.000000 742.000000 6872.000000 221.000000 221.000000 221.000000 536.000000 537.000000 537.000000 537.000000 9929.000000 780.000000 780.000000 780.000000 13104.000000 534.000000 534.000000 534.000000 1058.000000 11444.000000 11444.000000 11444.000000 60819.000000
0.000000 53.000000 100.000000 0.000000 39797.000000 39797.000000 39797.000000 1088858.000000 2889.000000 2889.000000 2889.000000 68931.000000 2227.000000 2227.000000 2227.000000 27817.000000 332.000000 332.000000 332.000000 5662.000000 5409.000000 5409.000000 5409.000000 41995.000000 4314.000000 4314.000000 4314.000000 50047.000000 934.000000 934.000000 934.000000 8282.000000 41717.000000 41717.000000 41717.000000 208975.000000
0.000000 87.000000 69.000000 0.000000 28324.000000 28324.000000 28324.000000 77449.000000 15001.000000 15001.000000 15001.000000 8833.000000 5437.000000 5437.000000 5437.000000 10013.000000 3882.000000 3882.000000 3882.000000 1613.000000 5053.000000 5053.000000 5053.000000 43191.000000 7400.000000 7400.000000 7400.000000 10942.000000 2409.000000 2409.000000 2409.000000 3181.000000 25461.000000 25461.000000 25461.000000 71573.000000
0.000000 125.000000 86.000000 0.000000 11841.000000 11841.000000 11841.000000 1962434.000000 26678.000000 26678.000000 26678.000000 53338.000000 8586.000000 8586.000000 8586.000000 59118.000000 3400.000000 3400.000000 3400.000000 13672.000000 7216.000000 7216.000000 7216.000000 246350.000000 13915.000000 13915.000000 13915.000000 33932.000000 5194.000000 5194.000000 5194.000000 54195.000000 15756.000000 15756.000000 15756.000000 756717.000000
0.000000 110.000000 91.000000 0.000000 673564.000000 673564.000000 673564.000000 237393.000000 3396.000000 3396.000000 3396.000000 2521.000000 1066.000000 1066.000000 1066.000000 4230.000000 484.000000 484.000000 484.000000 1768.000000 5782.000000 5782.000000 5782.000000 5937.000000 1988.000000 1988.000000 1988.000000 1940.000000 894.000000 894.000000 894.000000 5094.000000 14756.000000 14756.000000 14756.000000 29319.000000
0.000000 141.000000 80.000000 0.000000 16441.000000 16441.000000 16441.000000 1309393.000000 11873.000000 11873.000000 11873.000000 204111.000000 8822.000000 8822.000000 8822.000000 36160.000000 2821.000000 2821.000000 2821.000000 8414.000000 12871.000000 12871.000000 12871.000000 85913.000000 18986.000000 18986.000000 18986.000000 34186.000000 3086.000000 3086.000000 3086.000000 33877.000000 62761.000000 62761.000000 62761.000000 435580.000000
0.000000 111.000000 77.000000 0.000000 47459.000000 47459.000000 47459.000000 12523.000000 14817.000000 14817.000000 14817.000000 5241.000000 9456.000000 9456.000000 9456.000000 2519.000000 1668.000000 1668.000000 1668.000000 863.000000 4941.000000 4941.000000 4941.000000 3664.000000 15391.000000 15391.000000 15391.000000 5504.000000 1277.000000 1277.000000 1277.000000 3414.000000 42558.000000 42558.000000 42558.000000 12792.000000
0.000000 205.000000 61.000000 0.000000 122902.000000 122902.000000 122902.000000 1297563.000000 6591.000000 6591.000000 6591.000000 251601.000000 4219.000000 4219.000000 4219.000000 89868.000000 1582.000000 1582.000000 1582.000000 40682.000000 15186.000000 15186.000000 15186.000000 346544.000000 4331.000000 4331.000000 4331.000000 95056.000000 2602.000000 2602.000000 2602.000000 32319.000000 64229.000000 64229.000000 64229.000000 549716.000000
0.000000 154.000000 65.000000 0.000000 17038.000000 17038.000000 17038.000000 94067.000000 7608.000000 7608.000000 7608.000000 7976.000000 6772.000000 6772.000000 6772.000000 10246.000000 2219.000000 2219.000000 2219.000000 850.000000 18065.000000 18065.000000 18065.000000 14533.000000 17761.000000 17761.000000 17761.000000 19762.000000 2058.000000 2058.000000 2058.000000 4590.000000 58269.000000 58269.000000 58269.000000 107703.000000
0.000000 88.000000 50.000000 67.000000 1185537.000000 1185537.000000 1185537.000000 1185537.000000 65714.000000 65714.000000 65714.000000 65714.000000 26195.000000 26195.000000 26195.000000 26195.000000 3630.000000 3630.000000 3630.000000 3630.000000 17889.000000 17889.000000 17889.000000 17889.000000 15929.000000 15929.000000 15929.000000 15929.000000 3617.000000 3617.000000 3617.000000 3617.000000 374018.000000 374018.000000 374018.000000 374018.000000
0.000000 127.000000 69.000000 0.000000 217509.000000 217509.000000 217509.000000 857319.000000 5421.000000 5421.000000 5421.000000 16735.000000 4217.000000 4217.000000 4217.000000 29140.000000 532.000000 532.000000 532.000000 6629.000000 3144.000000 3144.000000 3144.000000 2735.000000 6810.000000 6810.000000 6810.000000 10935.000000 1351.000000 1351.000000 1351.000000 18670.000000 14158.000000 14158.000000 14158.000000 44554.000000
0.000000 153.000000 200.000000 0.000000 857319.000000 857319.000000 857319.000000 838409.000000 16735.000000 16735.000000 16735.000000 119017.000000 29140.000000 29140.000000 29140.000000 202523.000000 6629.000000 6629.000000 6629.000000 8780.000000 2735.000000 2735.000000 2735.000000 305743.000000 10935.000000 10935.000000 10935.000000 104998.000000 18670.000000 18670.000000 18670.000000 48292.000000 44554.000000 44554.000000 44554.000000 363201.000000
46.000000 129.000000 52.000000 0.000000 44920.000000 44920.000000 44920.000000 437376.000000 4280.000000 4280.000000 4280.000000 9933.000000 7922.000000 7922.000000 7922.000000 2159.000000 3511.000000 3511.000000 3511.000000 435.000000 7712.000000 7712.000000 7712.000000 21983.000000 4958.000000 4958.000000 4958.000000 2343.000000 1568.000000 1568.000000 1568.000000 802.000000 20470.000000 20470.000000 20470.000000 57078.000000
0.000000 121.000000 61.000000 99.000000 23353.000000 23353.000000 23353.000000 23353.000000 4575.000000 4575.000000 4575.000000 4575.000000 2016.000000 2016.000000 2016.000000 2016.000000 1577.000000 1577.000000 1577.000000 1577.000000 646.000000 646.000000 646.000000 646.000000 1761.000000 1761.000000 1761.000000 1761.000000 1846.000000 1846.000000 1846.000000 1846.000000 5790.000000 5790.000000 5790.000000 5790.000000
0.000000 210.000000 76.000000 0.000000 94392.000000 94392.000000 94392.000000 55997.000000 7125.000000 7125.000000 7125.000000 4250.000000 5511.000000 5511.000000 5511.000000 10343.000000 656.000000 656.000000 656.000000 2144.000000 2471.000000 2471.000000 2471.000000 4946.000000 12296.000000 12296.000000 12296.000000 10843.000000 575.000000 575.000000 575.000000 8427.000000 10310.000000 10310.000000 10310.000000 59382.000000
64.000000 161.000000 53.000000 78.000000 55997.000000 55997.000000 55997.000000 55997.000000 4250.000000 4250.000000 4250.000000 4250.000000 10343.000000 10343.000000 10343.000000 10343.000000 2144.000000 2144.000000 2144.000000 2144.000000 4946.000000 4946.000000 4946.000000 4946.000000 10843.000000 10843.000000 10843.000000 10843.000000 8427.000000 8427.000000 8427.000000 8427.000000 59382.000000 59382.000000 59382.000000 59382.000000
0.000000 84.000000 76.000000 0.000000 100880.000000 100880.000000 100880.000000 261993.000000 2701.000000 2701.000000 2701.000000 2718.000000 6657.000000 6657.000000 6657.000000 2036.000000 6688.000000 6688.000000 6688.000000 542.000000 46467.000000 46467.000000 46467.000000 7169.000000 12157.000000 12157.000000 12157.000000 3709.000000 5356.000000 5356.000000 5356.000000 1616.000000 82872.000000 82872.000000 82872.000000 39430.000000
0.000000 92.000000 48.000000 0.000000 261993.000000 261993.000000 261993.000000 760635.000000 2718.000000 2718.000000 2718.000000 44262.000000 2036.000000 2036.000000 2036.000000 201020.000000 542.000000 542.000000 542.000000 26495.000000 7169.000000 7169.000000 7169.000000 237280.000000 3709.000000 3709.000000 3709.000000 131100.000000 1616.000000 1616.000000 1616.000000 95514.000000 39430.000000 39430.000000 39430.000000 665904.000000
0.000000 101.000000 55.000000 63.000000 30015.000000 30015.000000 30015.000000 30015.000000 52740.000000 52740.000000 52740.000000 52740.000000 13797.000000 13797.000000 13797.000000 13797.000000 15609.000000 15609.000000 15609.000000 15609.000000 82030.000000 82030.000000 82030.000000 82030.000000 35320.000000 35320.000000 35320.000000 35320.000000 4171.000000 4171.000000 4171.000000 4171.000000 52466.000000 52466.000000 52466.000000 52466.000000
36.000000 119.000000 78.000000 0.000000 26002.000000 26002.000000 26002.000000 130953.000000 15948.000000 15948.000000 15948.000000 5668.000000 6168.000000 6168.000000 6168.000000 4303.000000 3077.000000 3077.000000 3077.000000 1509.000000 11264.000000 11264.000000 11264.000000 15840.000000 11503.000000 11503.000000 11503.000000 1241.000000 1758.000000 1758.000000 1758.000000 8070.000000 16049.000000 16049.000000 16049.000000 22463.000000
0.000000 101.000000 90.000000 0.000000 309203.000000 309203.000000 309203.000000 444611.000000 68073.000000 68073.000000 68073.000000 8702.000000 77506.000000 77506.000000 77506.000000 3763.000000 6534.000000 6534.000000 6534.000000 1470.000000 119319.000000 119319.000000 119319.000000 13894.000000 92461.000000 92461.000000 92461.000000 3994.000000 14106.000000 14106.000000 14106.000000 1798.000000 162906.000000 162906.000000 162906.000000 102236.000000
0.000000 78.000000 42.000000 0.000000 184590.000000 184590.000000 184590.000000 440110.000000 21190.000000 21190.000000 21190.000000 12096.000000 38821.000000 38821.000000 38821.000000 95861.000000 5002.000000 5002.000000 5002.000000 34347.000000 70861.000000 70861.000000 70861.000000 19753.000000 95961.000000 95961.000000 95961.000000 34594.000000 13442.000000 13442.000000 13442.000000 56490.000000 302084.000000 302084.000000 302084.000000 523458.000000
58.000000 86.000000 66.000000 0.000000 221102.000000 221102.000000 221102.000000 1097369.000000 42974.000000 42974.000000 42974.000000 22904.000000 27348.000000 27348.000000 27348.000000 20066.000000 8687.000000 8687.000000 8687.000000 8344.000000 26724.000000 26724.000000 26724.000000 17672.000000 76522.000000 76522.000000 76522.000000 24242.000000 4703.000000 4703.000000 4703.000000 12254.000000 215775.000000 215775.000000 215775.000000 150489.000000
0.000000 91.000000 76.000000 87.000000 806922.000000 806922.000000 806922.000000 806922.000000 61835.000000 61835.000000 61835.000000 61835.000000 120181.000000 120181.000000 120181.000000 120181.000000 12001.000000 12001.000000 12001.000000 12001.000000 542016.000000 542016.000000 542016.000000 542016.000000 144645.000000 144645.000000 144645.000000 144645.000000 79174.000000 79174.000000 79174.000000 79174.000000 664157.000000 664157.000000 664157.000000 664157.000000
91.000000 76.000000 87.000000 76.000000 806922.000000 806922.000000 806922.000000 806922.000000 61835.000000 61835.000000 61835.000000 61835.000000 120181.000000 120181.000000 120181.000000 120181.000000 12001.000000 12001.000000 12001.000000 12001.000000 542016.000000 542016.000000 542016.000000 542016.000000 144645.000000 144645.000000 144645.000000 144645.000000 79174.000000 79174.000000 79174.000000 79174.000000 664157.000000 664157.000000 664157.000000 664157.000000
76.000000 87.000000 76.000000 0.000000 806922.000000 806922.000000 806922.000000 79226.000000 61835.000000 61835.000000 61835.000000 3487.000000 120181.000000 120181.000000 120181.000000 1689.000000 12001.000000 12001.000000 12001.000000 594.000000 542016.000000 542016.000000 542016.000000 786.000000 144645.000000 144645.000000 144645.000000 607.000000 79174.000000 79174.000000 79174.000000 591.000000 664157.000000 664157.000000 664157.000000 6113.000000
0.000000 96.000000 84.000000 0.000000 206328.000000 206328.000000 206328.000000 384109.000000 3536.000000 3536.000000 3536.000000 26328.000000 2113.000000 2113.000000 2113.000000 4091.000000 513.000000 513.000000 513.000000 534.000000 5068.000000 5068.000000 5068.000000 19295.000000 818.000000 818.000000 818.000000 4597.000000 761.000000 761.000000 761.000000 2413.000000 12327.000000 12327.000000 12327.000000 165545.000000
0.000000 73.000000 49.000000 0.000000 67387.000000 67387.000000 67387.000000 1447995.000000 3241.000000 3241.000000 3241.000000 34869.000000 668.000000 668.000000 668.000000 52866.000000 137.000000 137.000000 137.000000 13687.000000 5686.000000 5686.000000 5686.000000 14810.000000 1317.000000 1317.000000 1317.000000 76863.000000 223.000000 223.000000 223.000000 19051.000000 18225.000000 18225.000000 18225.000000 474981.000000
0.000000 102.000000 58.000000 0.000000 240372.000000 240372.000000 240372.000000 300074.000000 10789.000000 10789.000000 10789.000000 12645.000000 11315.000000 11315.000000 11315.000000 18671.000000 2990.000000 2990.000000 2990.000000 4546.000000 15849.000000 15849.000000 15849.000000 7435.000000 16400.000000 16400.000000 16400.000000 5156.000000 2382.000000 2382.000000 2382.000000 12098.000000 23505.000000 23505.000000 23505.000000 76197.000000
0.000000 108.000000 56.000000 91.000000 35675.000000 35675.000000 35675.000000 35675.000000 6324.000000 6324.000000 6324.000000 6324.000000 3701.000000 3701.000000 3701.000000 3701.000000 620.000000 620.000000 620.000000 620.000000 11674.000000 11674.000000 11674.000000 11674.000000 4457.000000 4457.000000 4457.000000 4457.000000 1051.000000 1051.000000 1051.000000 1051.000000 14411.000000 14411.000000 14411.000000 14411.000000
0.000000 69.000000 55.000000 87.000000 155277.000000 155277.000000 155277.000000 155277.000000 5100.000000 5100.000000 5100.000000 5100.000000 5001.000000 5001.000000 5001.000000 5001.000000 250.000000 250.000000 250.000000 250.000000 19857.000000 19857.000000 19857.000000 19857.000000 8243.000000 8243.000000 8243.000000 8243.000000 567.000000 567.000000 567.000000 567.000000 87586.000000 87586.000000 87586.000000 87586.000000
0.000000 88.000000 71.000000 0.000000 143820.000000 143820.000000 143820.000000 76807.000000 2684.000000 2684.000000 2684.000000 52222.000000 1726.000000 1726.000000 1726.000000 18191.000000 468.000000 468.000000 468.000000 2511.000000 1335.000000 1335.000000 1335.000000 54578.000000 1079.000000 1079.000000 1079.000000 14479.000000 542.000000 542.000000 542.000000 6960.000000 24814.000000 24814.000000 24814.000000 303691.000000
0.000000 101.000000 89.000000 0.000000 554215.000000 554215.000000 554215.000000 239426.000000 25889.000000 25889.000000 25889.000000 15041.000000 17617.000000 17617.000000 17617.000000 6251.000000 1169.000000 1169.000000 1169.000000 2369.000000 11861.000000 11861.000000 11861.000000 37547.000000 17901.000000 17901.000000 17901.000000 15059.000000 3321.000000 3321.000000 3321.000000 6649.000000 176786.000000 176786.000000 176786.000000 148766.000000
0.000000 105.000000 98.000000 0.000000 21813.000000 21813.000000 21813.000000 7802.000000 16954.000000 16954.000000 16954.000000 6884.000000 17418.000000 17418.000000 17418.000000 10920.000000 5325.000000 5325.000000 5325.000000 1935.000000 32461.000000 32461.000000 32461.000000 25428.000000 30193.000000 30193.000000 30193.000000 14041.000000 3975.000000 3975.000000 3975.000000 2694.000000 15099.000000 15099.000000 15099.000000 34003.000000
0.000000 108.000000 89.000000 0.000000 7802.000000 7802.000000 7802.000000 228548.000000 6884.000000 6884.000000 6884.000000 9641.000000 10920.000000 10920.000000 10920.000000 13268.000000 1935.000000 1935.000000 1935.000000 1926.000000 25428.000000 25428.000000 25428.000000 18457.000000 14041.000000 14041.000000 14041.000000 9467.000000 2694.000000 2694.000000 2694.000000 2702.000000 34003.000000 34003.000000 34003.000000 150301.000000
0.000000 126.000000 87.000000 0.000000 227212.000000 227212.000000 227212.000000 793382.000000 2293.000000 2293.000000 2293.000000 15385.000000 2963.000000 2963.000000 2963.000000 14689.000000 815.000000 815.000000 815.000000 865.000000 5549.000000 5549.000000 5549.000000 23029.000000 5692.000000 5692.000000 5692.000000 6776.000000 2325.000000 2325.000000 2325.000000 4853.000000 11040.000000 11040.000000 11040.000000 67171.000000
0.000000 103.000000 85.000000 0.000000 793382.000000 793382.000000 793382.000000 387245.000000 15385.000000 15385.000000 15385.000000 44644.000000 14689.000000 14689.000000 14689.000000 28243.000000 865.000000 865.000000 865.000000 8548.000000 23029.000000 23029.000000 23029.000000 122470.000000 6776.000000 6776.000000 6776.000000 41286.000000 4853.000000 4853.000000 4853.000000 37626.000000 67171.000000 67171.000000 67171.000000 159772.000000
0.000000 88.000000 44.000000 69.000000 288151.000000 288151.000000 288151.000000 288151.000000 4094.000000 4094.000000 4094.000000 4094.000000 17898.000000 17898.000000 17898.000000 17898.000000 3381.000000 3381.000000 3381.000000 3381.000000 38679.000000 38679.000000 38679.000000 38679.000000 14161.000000 14161.000000 14161.000000 14161.000000 4722.000000 4722.000000 4722.000000 4722.000000 125035.000000 125035.000000 125035.000000 125035.000000
0.000000 118.000000 102.000000 117.000000 1189379.000000 1189379.000000 1189379.000000 1189379.000000 5549.000000 5549.000000 5549.000000 5549.000000 8161.000000 8161.000000 8161.000000 8161.000000 2227.000000 2227.000000 2227.000000 2227.000000 4777.000000 4777.000000 4777.000000 4777.000000 5563.000000 5563.000000 5563.000000 5563.000000 3451.000000 3451.000000 3451.000000 3451.000000 99498.000000 99498.000000 99498.000000 99498.000000
0.000000 97.000000 78.000000 0.000000 96695.000000 96695.000000 96695.000000 226815.000000 4279.000000 4279.000000 4279.000000 14175.000000 6052.000000 6052.000000 6052.000000 12206.000000 382.000000 382.000000 382.000000 1252.000000 3039.000000 3039.000000 3039.000000 10059.000000 3082.000000 3082.000000 3082.000000 7506.000000 1029.000000 1029.000000 1029.000000 1925.000000 9445.000000 9445.000000 9445.000000 207242.000000
0.000000 53.000000 97.000000 0.000000 118212.000000 118212.000000 118212.000000 33404.000000 18961.000000 18961.000000 18961.000000 14157.000000 4628.000000 4628.000000 4628.000000 5444.000000 1509.000000 1509.000000 1509.000000 1566.000000 7022.000000 7022.000000 7022.000000 5493.000000 6836.000000 6836.000000 6836.000000 7988.000000 1537.000000 1537.000000 1537.000000 3665.000000 36368.000000 36368.000000 36368.000000 63152.000000
0.000000 86.000000 80.000000 0.000000 13204.000000 13204.000000 13204.000000 1397780.000000 20976.000000 20976.000000 20976.000000 46077.000000 6702.000000 6702.000000 6702.000000 16351.000000 1071.000000 1071.000000 1071.000000 5538.000000 13913.000000 13913.000000 13913.000000 31445.000000 10256.000000 10256.000000 10256.000000 6211.000000 2416.000000 2416.000000 2416.000000 3368.000000 21745.000000 21745.000000 21745.000000 216870.000000
0.000000 73.000000 75.000000 0.000000 24409.000000 24409.000000 24409.000000 216368.000000 12387.000000 12387.000000 12387.000000 27780.000000 10270.000000 10270.000000 10270.000000 5600.000000 734.000000 734.000000 734.000000 514.000000 9123.000000 9123.000000 9123.000000 33494.000000 20086.000000 20086.000000 20086.000000 2397.000000 2314.000000 2314.000000 2314.000000 1483.000000 31190.000000 31190.000000 31190.000000 67519.000000
0.000000 94.000000 85.000000 0.000000 218766.000000 218766.000000 218766.000000 784416.000000 6297.000000 6297.000000 6297.000000 5964.000000 13491.000000 13491.000000 13491.000000 2738.000000 3636.000000 3636.000000 3636.000000 513.000000 31024.000000 31024.000000 31024.000000 3527.000000 21073.000000 21073.000000 21073.000000 4262.000000 3419.000000 3419.000000 3419.000000 889.000000 113069.000000 113069.000000 113069.000000 65053.000000
0.000000 89.000000 99.000000 0.000000 7765.000000 7765.000000 7765.000000 1878134.000000 4238.000000 4238.000000 4238.000000 33828.000000 12585.000000 12585.000000 12585.000000 34782.000000 1310.000000 1310.000000 1310.000000 3087.000000 17822.000000 17822.000000 17822.000000 172936.000000 14644.000000 14644.000000 14644.000000 72316.000000 988.000000 988.000000 988.000000 6281.000000 13311.000000 13311.000000 13311.000000 256497.000000
0.000000 76.000000 71.000000 0.000000 156913.000000 156913.000000 156913.000000 515599.000000 29505.000000 29505.000000 29505.000000 18880.000000 4916.000000 4916.000000 4916.000000 4013.000000 2806.000000 2806.000000 2806.000000 526.000000 11235.000000 11235.000000 11235.000000 8419.000000 21108.000000 21108.000000 21108.000000 2553.000000 5985.000000 5985.000000 5985.000000 1545.000000 82640.000000 82640.000000 82640.000000 54610.000000
0.000000 84.000000 92.000000 0.000000 79914.000000 79914.000000 79914.000000 2069278.000000 39592.000000 39592.000000 39592.000000 51038.000000 17981.000000 17981.000000 17981.000000 33282.000000 5340.000000 5340.000000 5340.000000 2136.000000 59454.000000 59454.000000 59454.000000 34838.000000 32642.000000 32642.000000 32642.000000 7255.000000 3730.000000 3730.000000 3730.000000 8354.000000 116754.000000 116754.000000 116754.000000 158392.000000
0.000000 83.000000 69.000000 0.000000 45078.000000 45078.000000 45078.000000 195608.000000 4559.000000 4559.000000 4559.000000 6830.000000 4082.000000 4082.000000 4082.000000 760.000000 1573.000000 1573.000000 1573.000000 480.000000 9596.000000 9596.000000 9596.000000 8627.000000 11329.000000 11329.000000 11329.000000 4194.000000 1458.000000 1458.000000 1458.000000 289.000000 37730.000000 37730.000000 37730.000000 28191.000000
0.000000 64.000000 67.000000 0.000000 6532.000000 6532.000000 6532.000000 36647.000000 9648.000000 9648.000000 9648.000000 20672.000000 4201.000000 4201.000000 4201.000000 7369.000000 1016.000000 1016.000000 1016.000000 1361.000000 10556.000000 10556.000000 10556.000000 4135.000000 3993.000000 3993.000000 3993.000000 9253.000000 2269.000000 2269.000000 2269.000000 3898.000000 9438.000000 9438.000000 9438.000000 57958.000000
0.000000 76.000000 72.000000 0.000000 174230.000000 174230.000000 174230.000000 3488134.000000 15417.000000 15417.000000 15417.000000 21423.000000 3230.000000 3230.000000 3230.000000 32322.000000 404.000000 404.000000 404.000000 3373.000000 13054.000000 13054.000000 13054.000000 38472.000000 2797.000000 2797.000000 2797.000000 29646.000000 949.000000 949.000000 949.000000 5883.000000 107644.000000 107644.000000 107644.000000 622519.000000
0.000000 81.000000 87.000000 0.000000 12395.000000 12395.000000 12395.000000 289697.000000 32059.000000 32059.000000 32059.000000 20657.000000 6799.000000 6799.000000 6799.000000 3525.000000 1036.000000 1036.000000 1036.000000 381.000000 9857.000000 9857.000000 9857.000000 23404.000000 9917.000000 9917.000000 9917.000000 8161.000000 3152.000000 3152.000000 3152.000000 1300.000000 35453.000000 35453.000000 35453.000000 20156.000000
0.000000 63.000000 79.000000 0.000000 95660.000000 95660.000000 95660.000000 3370878.000000 12402.000000 12402.000000 12402.000000 21226.000000 2954.000000 2954.000000 2954.000000 23448.000000 338.000000 338.000000 338.000000 4107.000000 13968.000000 13968.000000 13968.000000 57520.000000 2357.000000 2357.000000 2357.000000 24720.000000 708.000000 708.000000 708.000000 9609.000000 89921.000000 89921.000000 89921.000000 471572.000000
0.000000 76.000000 83.000000 0.000000 18242.000000 18242.000000 18242.000000 830820.000000 9159.000000 9159.000000 9159.000000 15208.000000 18198.000000 18198.000000 18198.000000 3982.000000 1409.000000 1409.000000 1409.000000 266.000000 32170.000000 32170.000000 32170.000000 2158.000000 10606.000000 10606.000000 10606.000000 6851.000000 4025.000000 4025.000000 4025.000000 2228.000000 14617.000000 14617.000000 14617.000000 67638.000000
0.000000 81.000000 92.000000 0.000000 4960.000000 4960.000000 4960.000000 1715649.000000 12748.000000 12748.000000 12748.000000 16014.000000 14921.000000 14921.000000 14921.000000 9363.000000 3855.000000 3855.000000 3855.000000 3243.000000 14108.000000 14108.000000 14108.000000 68591.000000 13552.000000 13552.000000 13552.000000 33673.000000 7065.000000 7065.000000 7065.000000 8168.000000 17463.000000 17463.000000 17463.000000 442217.000000
0.000000 83.000000 87.000000 0.000000 5381.000000 5381.000000 5381.000000 462387.000000 1630.000000 1630.000000 1630.000000 182228.000000 8024.000000 8024.000000 8024.000000 45350.000000 1240.000000 1240.000000 1240.000000 1503.000000 19946.000000 19946.000000 19946.000000 103461.000000 5121.000000 5121.000000 5121.000000 38631.000000 2146.000000 2146.000000 2146.000000 2265.000000 27162.000000 27162.000000 27162.000000 391129.000000
0.000000 75.000000 83.000000 0.000000 240429.000000 240429.000000 240429.000000 510447.000000 10181.000000 10181.000000 10181.000000 9054.000000 2555.000000 2555.000000 2555.000000 6203.000000 309.000000 309.000000 309.000000 480.000000 7759.000000 7759.000000 7759.000000 17365.000000 3874.000000 3874.000000 3874.000000 11731.000000 562.000000 562.000000 562.000000 821.000000 33517.000000 33517.000000 33517.000000 77569.000000
0.000000 78.000000 74.000000 0.000000 13585.000000 13585.000000 13585.000000 176994.000000 14500.000000 14500.000000 14500.000000 6686.000000 5527.000000 5527.000000 5527.000000 912.000000 2716.000000 2716.000000 2716.000000 106.000000 15125.000000 15125.000000 15125.000000 9916.000000 18731.000000 18731.000000 18731.000000 3304.000000 5326.000000 5326.000000 5326.000000 202.000000 12765.000000 12765.000000 12765.000000 24126.000000
0.000000 66.000000 70.000000 0.000000 9623.000000 9623.000000 9623.000000 150215.000000 8963.000000 8963.000000 8963.000000 12713.000000 8613.000000 8613.000000 8613.000000 8668.000000 3210.000000 3210.000000 3210.000000 3211.000000 12620.000000 12620.000000 12620.000000 38832.000000 11333.000000 11333.000000 11333.000000 9567.000000 3573.000000 3573.000000 3573.000000 4499.000000 21188.000000 21188.000000 21188.000000 520203.000000
0.000000 77.000000 89.000000 0.000000 97533.000000 97533.000000 97533.000000 199677.000000 5704.000000 5704.000000 5704.000000 9057.000000 8894.000000 8894.000000 8894.000000 4468.000000 1527.000000 1527.000000 1527.000000 233.000000 2273.000000 2273.000000 2273.000000 8291.000000 17223.000000 17223.000000 17223.000000 1328.000000 3565.000000 3565.000000 3565.000000 3131.000000 32952.000000 32952.000000 32952.000000 95832.000000
0.000000 73.000000 78.000000 0.000000 317467.000000 317467.000000 317467.000000 66982.000000 2122.000000 2122.000000 2122.000000 5345.000000 3195.000000 3195.000000 3195.000000 1822.000000 341.000000 341.000000 341.000000 206.000000 24459.000000 24459.000000 24459.000000 2508.000000 2400.000000 2400.000000 2400.000000 1148.000000 1011.000000 1011.000000 1011.000000 342.000000 15758.000000 15758.000000 15758.000000 21138.000000
0.000000 71.000000 73.000000 0.000000 18777.000000 18777.000000 18777.000000 34069.000000 18796.000000 18796.000000 18796.000000 7290.000000 12413.000000 12413.000000 12413.000000 2679.000000 4104.000000 4104.000000 4104.000000 409.000000 3406.000000 3406.000000 3406.000000 2641.000000 8466.000000 8466.000000 8466.000000 5343.000000 6199.000000 6199.000000 6199.000000 915.000000 41193.000000 41193.000000 41193.000000 3279.000000
0.000000 82.000000 77.000000 0.000000 99770.000000 99770.000000 99770.000000 2997.000000 2663.000000 2663.000000 2663.000000 11679.000000 4452.000000 4452.000000 4452.000000 11456.000000 630.000000 630.000000 630.000000 3012.000000 3298.000000 3298.000000 3298.000000 8101.000000 2854.000000 2854.000000 2854.000000 17651.000000 871.000000 871.000000 871.000000 4402.000000 61077.000000 61077.000000 61077.000000 38507.000000
0.000000 79.000000 79.000000 0.000000 442896.000000 442896.000000 442896.000000 28092.000000 21546.000000 21546.000000 21546.000000 8481.000000 21497.000000 21497.000000 21497.000000 14405.000000 2146.000000 2146.000000 2146.000000 2372.000000 60816.000000 60816.000000 60816.000000 44418.000000 7848.000000 7848.000000 7848.000000 17957.000000 3485.000000 3485.000000 3485.000000 5001.000000 104508.000000 104508.000000 104508.000000 42380.000000
0.000000 81.000000 90.000000 0.000000 2786.000000 2786.000000 2786.000000 380744.000000 3273.000000 3273.000000 3273.000000 3364.000000 5531.000000 5531.000000 5531.000000 1534.000000 1371.000000 1371.000000 1371.000000 139.000000 10044.000000 10044.000000 10044.000000 4338.000000 5922.000000 5922.000000 5922.000000 1762.000000 4742.000000 4742.000000 4742.000000 234.000000 7912.000000 7912.000000 7912.000000 11733.000000
0.000000 70.000000 81.000000 0.000000 94771.000000 94771.000000 94771.000000 248098.000000 5929.000000 5929.000000 5929.000000 10718.000000 15953.000000 15953.000000 15953.000000 12062.000000 2059.000000 2059.000000 2059.000000 1681.000000 11075.000000 11075.000000 11075.000000 56710.000000 18242.000000 18242.000000 18242.000000 16269.000000 3782.000000 3782.000000 3782.000000 2355.000000 200877.000000 200877.000000 200877.000000 252262.000000
0.000000 81.000000 90.000000 0.000000 529761.000000 529761.000000 529761.000000 187071.000000 15857.000000 15857.000000 15857.000000 3285.000000 7987.000000 7987.000000 7987.000000 1808.000000 2824.000000 2824.000000 2824.000000 67.000000 8963.000000 8963.000000 8963.000000 3530.000000 11995.000000 11995.000000 11995.000000 3279.000000 2027.000000 2027.000000 2027.000000 466.000000 17092.000000 17092.000000 17092.000000 12947.000000
0.000000 76.000000 78.000000 0.000000 2103686.000000 2103686.000000 2103686.000000 2171909.000000 26370.000000 26370.000000 26370.000000 25227.000000 18280.000000 18280.000000 18280.000000 10422.000000 3428.000000 3428.000000 3428.000000 1142.000000 95124.000000 95124.000000 95124.000000 13285.000000 44814.000000 44814.000000 44814.000000 13517.000000 3168.000000 3168.000000 3168.000000 1228.000000 504342.000000 504342.000000 504342.000000 172052.000000
0.000000 76.000000 81.000000 0.000000 126951.000000 126951.000000 126951.000000 532990.000000 5841.000000 5841.000000 5841.000000 43297.000000 6808.000000 6808.000000 6808.000000 52614.000000 402.000000 402.000000 402.000000 3085.000000 6552.000000 6552.000000 6552.000000 23588.000000 7513.000000 7513.000000 7513.000000 14951.000000 816.000000 816.000000 816.000000 4188.000000 22139.000000 22139.000000 22139.000000 499833.000000
0.000000 80.000000 83.000000 0.000000 205489.000000 205489.000000 205489.000000 169023.000000 2263.000000 2263.000000 2263.000000 69546.000000 795.000000 795.000000 795.000000 29715.000000 163.000000 163.000000 163.000000 735.000000 2433.000000 2433.000000 2433.000000 28096.000000 2194.000000 2194.000000 2194.000000 22627.000000 63.000000 63.000000 63.000000 4015.000000 8847.000000 8847.000000 8847.000000 264578.000000
0.000000 71.000000 88.000000 0.000000 67399.000000 67399.000000 67399.000000 55442.000000 3234.000000 3234.000000 3234.000000 3598.000000 7594.000000 7594.000000 7594.000000 1426.000000 1233.000000 1233.000000 1233.000000 158.000000 8626.000000 8626.000000 8626.000000 4087.000000 22980.000000 22980.000000 22980.000000 4367.000000 4425.000000 4425.000000 4425.000000 329.000000 50696.000000 50696.000000 50696.000000 21805.000000
0.000000 83.000000 84.000000 0.000000 13526.000000 13526.000000 13526.000000 311445.000000 3781.000000 3781.000000 3781.000000 8622.000000 17653.000000 17653.000000 17653.000000 8865.000000 883.000000 883.000000 883.000000 1247.000000 8728.000000 8728.000000 8728.000000 45462.000000 6367.000000 6367.000000 6367.000000 8847.000000 1673.000000 1673.000000 1673.000000 4363.000000 14981.000000 14981.000000 14981.000000 523118.000000
0.000000 78.000000 97.000000 0.000000 37437.000000 37437.000000 37437.000000 2573021.000000 6202.000000 6202.000000 6202.000000 23051.000000 2316.000000 2316.000000 2316.000000 13808.000000 474.000000 474.000000 474.000000 1582.000000 7780.000000 7780.000000 7780.000000 11136.000000 2560.000000 2560.000000 2560.000000 20302.000000 974.000000 974.000000 974.000000 5340.000000 39736.000000 39736.000000 39736.000000 127865.000000
0.000000 66.000000 72.000000 0.000000 9931.000000 9931.000000 9931.000000 17026.000000 7210.000000 7210.000000 7210.000000 6176.000000 3930.000000 3930.000000 3930.000000 3526.000000 3239.000000 3239.000000 3239.000000 1170.000000 1963.000000 1963.000000 1963.000000 1698.000000 5105.000000 5105.000000 5105.000000 5092.000000 2434.000000 2434.000000 2434.000000 3183.000000 21060.000000 21060.000000 21060.000000 24413.000000
0.000000 86.000000 74.000000 0.000000 7523.000000 7523.000000 7523.000000 40146.000000 6938.000000 6938.000000 6938.000000 3627.000000 10960.000000 10960.000000 10960.000000 6308.000000 2988.000000 2988.000000 2988.000000 1272.000000 6668.000000 6668.000000 6668.000000 4247.000000 5672.000000 5672.000000 5672.000000 6721.000000 1220.000000 1220.000000 1220.000000 2762.000000 10200.000000 10200.000000 10200.000000 77752.000000
0.000000 78.000000 72.000000 0.000000 41299.000000 41299.000000 41299.000000 36025.000000 19204.000000 19204.000000 19204.000000 1317.000000 4250.000000 4250.000000 4250.000000 2218.000000 2295.000000 2295.000000 2295.000000 565.000000 16890.000000 16890.000000 16890.000000 12658.000000 14801.000000 14801.000000 14801.000000 4160.000000 3083.000000 3083.000000 3083.000000 526.000000 46306.000000 46306.000000 46306.000000 14546.000000
0.000000 66.000000 61.000000 0.000000 67850.000000 67850.000000 67850.000000 88587.000000 3755.000000 3755.000000 3755.000000 13523.000000 5234.000000 5234.000000 5234.000000 7754.000000 338.000000 338.000000 338.000000 3009.000000 4998.000000 4998.000000 4998.000000 5274.000000 2875.000000 2875.000000 2875.000000 13951.000000 810.000000 810.000000 810.000000 3036.000000 81139.000000 81139.000000 81139.000000 21053.000000
0.000000 80.000000 60.000000 0.000000 339871.000000 339871.000000 339871.000000 330050.000000 21567.000000 21567.000000 21567.000000 73404.000000 7023.000000 7023.000000 7023.000000 26862.000000 2318.000000 2318.000000 2318.000000 1881.000000 35102.000000 35102.000000 35102.000000 11144.000000 32950.000000 32950.000000 32950.000000 23814.000000 6436.000000 6436.000000 6436.000000 7101.000000 60031.000000 60031.000000 60031.000000 357156.000000
0.000000 71.000000 84.000000 0.000000 2582600.000000 2582600.000000 2582600.000000 388184.000000 49200.000000 49200.000000 49200.000000 22054.000000 13992.000000 13992.000000 13992.000000 2997.000000 2881.000000 2881.000000 2881.000000 314.000000 79702.000000 79702.000000 79702.000000 17259.000000 9589.000000 9589.000000 9589.000000 10475.000000 3044.000000 3044.000000 3044.000000 911.000000 118846.000000 118846.000000 118846.000000 97804.000000
0.000000 58.000000 78.000000 0.000000 3529.000000 3529.000000 3529.000000 663599.000000 11207.000000 11207.000000 11207.000000 19295.000000 6637.000000 6637.000000 6637.000000 4453.000000 1519.000000 1519.000000 1519.000000 1046.000000 4934.000000 4934.000000 4934.000000 12551.000000 3499.000000 3499.000000 3499.000000 19635.000000 1543.000000 1543.000000 1543.000000 2718.000000 28777.000000 28777.000000 28777.000000 272473.000000
0.000000 64.000000 85.000000 0.000000 61036.000000 61036.000000 61036.000000 1126036.000000 6484.000000 6484.000000 6484.000000 20203.000000 1524.000000 1524.000000 1524.000000 5762.000000 301.000000 301.000000 301.000000 1584.000000 6247.000000 6247.000000 6247.000000 40586.000000 6241.000000 6241.000000 6241.000000 16312.000000 461.000000 461.000000 461.000000 1506.000000 15043.000000 15043.000000 15043.000000 113697.000000
0.000000 80.000000 65.000000 0.000000 255488.000000 255488.000000 255488.000000 1662622.000000 5488.000000 5488.000000 5488.000000 39588.000000 1688.000000 1688.000000 1688.000000 8254.000000 837.000000 837.000000 837.000000 1607.000000 20560.000000 20560.000000 20560.000000 18335.000000 5443.000000 5443.000000 5443.000000 18022.000000 842.000000 842.000000 842.000000 5547.000000 73810.000000 73810.000000 73810.000000 135971.000000
0.000000 71.000000 84.000000 0.000000 8911.000000 8911.000000 8911.000000 604630.000000 16789.000000 16789.000000 16789.000000 20901.000000 3857.000000 3857.000000 3857.000000 32075.000000 1727.000000 1727.000000 1727.000000 2106.000000 35152.000000 35152.000000 35152.000000 46477.000000 23398.000000 23398.000000 23398.000000 24986.000000 2827.000000 2827.000000 2827.000000 3202.000000 23638.000000 23638.000000 23638.000000 395537.000000
0.000000 86.000000 89.000000 0.000000 21387.000000 21387.000000 21387.000000 1526563.000000 15076.000000 15076.000000 15076.000000 59703.000000 13023.000000 13023.000000 13023.000000 24480.000000 1806.000000 1806.000000 1806.000000 1886.000000 15528.000000 15528.000000 15528.000000 24247.000000 19031.000000 19031.000000 19031.000000 14400.000000 1847.000000 1847.000000 1847.000000 4715.000000 48810.000000 48810.000000 48810.000000 530464.000000
0.000000 63.000000 66.000000 0.000000 50286.000000 50286.000000 50286.000000 640560.000000 9792.000000 9792.000000 9792.000000 425.000000 9305.000000 9305.000000 9305.000000 3952.000000 3086.000000 3086.000000 3086.000000 547.000000 9414.000000 9414.000000 9414.000000 13626.000000 14348.000000 14348.000000 14348.000000 5774.000000 2600.000000 2600.000000 2600.000000 1346.000000 45670.000000 45670.000000 45670.000000 93167.000000
0.000000 73.000000 78.000000 0.000000 122587.000000 122587.000000 122587.000000 1333825.000000 15744.000000 15744.000000 15744.000000 21409.000000 6032.000000 6032.000000 6032.000000 10629.000000 816.000000 816.000000 816.000000 2210.000000 5707.000000 5707.000000 5707.000000 27565.000000 2459.000000 2459.000000 2459.000000 21154.000000 1247.000000 1247.000000 1247.000000 3650.000000 52937.000000 52937.000000 52937.000000 183580.000000
0.000000 78.000000 81.000000 0.000000 2410.000000 2410.000000 2410.000000 16151.000000 22872.000000 22872.000000 22872.000000 5266.000000 13284.000000 13284.000000 13284.000000 7915.000000 2195.000000 2195.000000 2195.000000 2346.000000 30304.000000 30304.000000 30304.000000 8593.000000 15926.000000 15926.000000 15926.000000 11851.000000 5128.000000 5128.000000 5128.000000 6724.000000 33730.000000 33730.000000 33730.000000 29851.000000
0.000000 80.000000 86.000000 0.000000 37165.000000 37165.000000 37165.000000 1097800.000000 23923.000000 23923.000000 23923.000000 20241.000000 5115.000000 5115.000000 5115.000000 7005.000000 3833.000000 3833.000000 3833.000000 367.000000 14385.000000 14385.000000 14385.000000 19036.000000 10165.000000 10165.000000 10165.000000 8597.000000 1910.000000 1910.000000 1910.000000 2377.000000 8280.000000 8280.000000 8280.000000 30869.000000
0.000000 78.000000 84.000000 88.000000 889739.000000 889739.000000 889739.000000 889739.000000 1856.000000 1856.000000 1856.000000 1856.000000 5698.000000 5698.000000 5698.000000 5698.000000 499.000000 499.000000 499.000000 499.000000 7139.000000 7139.000000 7139.000000 7139.000000 2216.000000 2216.000000 2216.000000 2216.000000 1129.000000 1129.000000 1129.000000 1129.000000 49239.000000 49239.000000 49239.000000 49239.000000
78.000000 84.000000 88.000000 0.000000 889739.000000 889739.000000 889739.000000 120597.000000 1856.000000 1856.000000 1856.000000 2731.000000 5698.000000 5698.000000 5698.000000 2581.000000 499.000000 499.000000 499.000000 139.000000 7139.000000 7139.000000 7139.000000 1748.000000 2216.000000 2216.000000 2216.000000 1980.000000 1129.000000 1129.000000 1129.000000 256.000000 49239.000000 49239.000000 49239.000000 25723.000000
0.000000 75.000000 79.000000 0.000000 375640.000000 375640.000000 375640.000000 122747.000000 37066.000000 37066.000000 37066.000000 7910.000000 6040.000000 6040.000000 6040.000000 1838.000000 2153.000000 2153.000000 2153.000000 346.000000 36981.000000 36981.000000 36981.000000 14497.000000 25220.000000 25220.000000 25220.000000 3764.000000 5411.000000 5411.000000 5411.000000 395.000000 86091.000000 86091.000000 86091.000000 22886.000000
0.000000 91.000000 85.000000 0.000000 850666.000000 850666.000000 850666.000000 908133.000000 14699.000000 14699.000000 14699.000000 10907.000000 17309.000000 17309.000000 17309.000000 6347.000000 4820.000000 4820.000000 4820.000000 1129.000000 36280.000000 36280.000000 36280.000000 35652.000000 46048.000000 46048.000000 46048.000000 5597.000000 9789.000000 9789.000000 9789.000000 2940.000000 738862.000000 738862.000000 738862.000000 175756.000000
0.000000 86.000000 88.000000 0.000000 3478.000000 3478.000000 3478.000000 522496.000000 10717.000000 10717.000000 10717.000000 7266.000000 7619.000000 7619.000000 7619.000000 3533.000000 1348.000000 1348.000000 1348.000000 798.000000 27999.000000 27999.000000 27999.000000 17637.000000 24805.000000 24805.000000 24805.000000 3992.000000 6823.000000 6823.000000 6823.000000 1422.000000 10492.000000 10492.000000 10492.000000 61828.000000
